$ANSIBLE_VAULT;1.1;AES256
37613063656134336664396333616265353561656537323462653030653332393732363630323631
6330386333643035363834396139393564656166313764320a353665353565613361396163663362
62613266646664326636613665663738663233353338323761396230313331633632326435356233
6134343366636539380a396466373361336335303431643763333836653766353565653463303432
30306432353137613564643061366562396461366566326132666665376361303462333032653364
33653635306263366263613865643233353461636564323030333864626434396530623737396637
31653232366330616464373863303436303861313863646365633833363233336364646436393061
36313437623666366538333065363930326266336635353130313131303364363131666632303164
64616232393166303262316135323637323536353361303232343335656535336135643338623535
32343864343733666566316636633230393336646161363438623031306166353566616362643032
66376631323132363933626161333563643230383730323538346133653965373236313332306462
35363138623031336165393234353038363464666134613332386530663337353230656666393830
34363965383136366462323730646563343530626231376535323833323837613561643463366661
64393565653435306338656130613738636365336435333434643630313666376362653132636230
38633030626332616437343364636439633764633132656462363134616236643239313031623438
66653864363263386534643062393864383135623536303461653233306363613832656331376262
31343663653634306665333038396638343232616666656433616434306338363733326439313835
34636435313063333563326430396465633361663534386530396163643333393933363036333765
31313664303065336130643962346361383164616535653532333837646633373935613431363430
61666535303530383539303233393065343663633735623532306239313261613039373438383631
61363763303062646639623932356161393331666639613539643231303736656337373561316261
62343563333233613633396436663334666139383633373866373334323237393935383432646433
36353262396563373531383138336333623166353233356339646134346364326434613935643037
63656665646364333730393664643734376166383664663334333863633739393539613434353838
3834
